 #Condensation Temperatures (K) vs Pressure (Bar) for the 13 Cloud Species used in Roman et al (2020), and 4 species used in Roman & Rauscher (2019). Values are based plots from Mbarek & Kempton (2016).
#Pressure(bars) KCl ZnS Na2S MnS Cr SiO2 Mg2SiO4 VO Ni Fe Ca2SiO4 CaTiO3 Al2O3 MgSiO3
   5.7000E-05   6.1605E+02   7.0830E+02   7.7517E+02   1180   1.2119E+03   1.3359E+03   1.3699E+03   1.3631E+03   1.3157E+03   1.3609E+03   1.5082E+03   1.6003E+03   1.6859E+03	1307.11
   1.3300E-04   6.2166E+02   7.1201E+02   7.8192E+02   1189   1.2189E+03   1.3417E+03   1.3773E+03   1.3715E+03   1.3240E+03   1.3741E+03   1.5181E+03   1.6097E+03   1.6935E+03	1314.43
   1.7500E-04   6.2687E+02   7.1670E+02   7.8648E+02   1197   1.2254E+03   1.3505E+03   1.3860E+03   1.3800E+03   1.3332E+03   1.3841E+03   1.5275E+03   1.6167E+03   1.7001E+03	1321.68
   2.3100E-04   6.3008E+02   7.1951E+02   7.9372E+02   1205   1.2316E+03   1.3593E+03   1.3947E+03   1.3894E+03   1.3434E+03   1.3972E+03   1.5361E+03   1.6265E+03   1.7086E+03	1329.11
   3.0500E-04   6.3569E+02   7.2231E+02   7.9825E+02   1213   1.2373E+03   1.3671E+03   1.4033E+03   1.3997E+03   1.3533E+03   1.4073E+03   1.5448E+03   1.6332E+03   1.7171E+03	1336.79
   4.0200E-04   6.3850E+02   7.2733E+02   8.0563E+02   1221   1.2429E+03   1.3748E+03   1.4120E+03   1.4097E+03   1.3633E+03   1.4175E+03   1.5564E+03   1.6439E+03   1.7256E+03	1344.72
   5.3000E-04   6.4411E+02   7.3072E+02   8.1014E+02   1229   1.2486E+03   1.3827E+03   1.4207E+03   1.4194E+03   1.3733E+03   1.4305E+03   1.5650E+03   1.6525E+03   1.7329E+03	1352.04
   6.9800E-04   6.4972E+02   7.3632E+02   8.1475E+02   1237   1.2542E+03   1.3915E+03   1.4293E+03   1.4299E+03   1.3833E+03   1.4421E+03   1.5737E+03   1.6621E+03   1.7425E+03	1359.52
   9.2100E-04   6.5253E+02   7.3913E+02   8.2041E+02   1246   1.2628E+03   1.4002E+03   1.4387E+03   1.4391E+03   1.3934E+03   1.4562E+03   1.5852E+03   1.6725E+03   1.7511E+03	1367.46
   1.2140E-03   6.5814E+02   7.4473E+02   8.2606E+02   1254   1.2684E+03   1.4090E+03   1.4483E+03   1.4502E+03   1.4033E+03   1.4694E+03   1.5939E+03   1.6813E+03   1.7597E+03	1375.60
   1.6000E-03   6.6094E+02   7.4753E+02   8.3172E+02   1262   1.2741E+03   1.4178E+03   1.4579E+03   1.4588E+03   1.4129E+03   1.4823E+03   1.6049E+03   1.6925E+03   1.7685E+03	1383.27
   2.1090E-03   6.6655E+02   7.5314E+02   8.3737E+02   1270   1.2801E+03   1.4265E+03   1.4669E+03   1.4701E+03   1.4212E+03   1.4955E+03   1.6141E+03   1.7039E+03   1.7796E+03	1391.60
   2.7810E-03   6.7217E+02   7.5594E+02   8.4303E+02   1279   1.2868E+03   1.4353E+03   1.4755E+03   1.4813E+03   1.4323E+03   1.5096E+03   1.6257E+03   1.7129E+03   1.7881E+03	1400.24
   3.6650E-03   6.7692E+02   7.6155E+02   8.5030E+02   1289   1.2939E+03   1.4441E+03   1.4842E+03   1.4926E+03   1.4434E+03   1.5236E+03   1.6343E+03   1.7239E+03   1.8001E+03	1408.51
   4.8320E-03   6.8146E+02   7.6435E+02   8.5714E+02   1300   1.2996E+03   1.4524E+03   1.4957E+03   1.5036E+03   1.4545E+03   1.5369E+03   1.6459E+03   1.7350E+03   1.8109E+03	1416.97
   6.3700E-03   6.8620E+02   7.6996E+02   8.6279E+02   1311   1.3081E+03   1.4600E+03   1.5044E+03   1.5137E+03   1.4660E+03   1.5499E+03   1.6560E+03   1.7446E+03   1.8222E+03	1425.28
   8.3970E-03   6.9181E+02   7.7276E+02   8.7125E+02   1321   1.3193E+03   1.4677E+03   1.5158E+03   1.5263E+03   1.4788E+03   1.5629E+03   1.6661E+03   1.7554E+03   1.8308E+03	1434.14
   1.1070E-02   6.9742E+02   7.7836E+02   8.7690E+02   1332   1.3291E+03   1.4781E+03   1.5246E+03   1.5365E+03   1.4918E+03   1.5770E+03   1.6776E+03   1.7668E+03   1.8417E+03	1442.49
   1.4593E-02   7.0303E+02   7.8397E+02   8.8409E+02   1342   1.3395E+03   1.4861E+03   1.5348E+03   1.5470E+03   1.5045E+03   1.5910E+03   1.6892E+03   1.7782E+03   1.8507E+03	1451.31
   1.9237E-02   7.0864E+02   7.8808E+02   8.9101E+02   1353   1.3480E+03   1.4938E+03   1.5448E+03   1.5573E+03   1.5158E+03   1.6045E+03   1.7002E+03   1.7888E+03   1.8605E+03	1460.37
   2.5359E-02   7.1425E+02   7.9238E+02   8.9877E+02   1364   1.3604E+03   1.5026E+03   1.5564E+03   1.5699E+03   1.5297E+03   1.6191E+03   1.7123E+03   1.7985E+03   1.8706E+03	1469.43
   3.3430E-02   7.1987E+02   7.9798E+02   9.0512E+02   1374   1.3729E+03   1.5143E+03   1.5668E+03   1.5801E+03   1.5408E+03   1.6359E+03   1.7225E+03   1.8107E+03   1.8820E+03	1478.40
   4.4069E-02   7.2548E+02   8.0359E+02   9.1348E+02   1385   1.3852E+03   1.5231E+03   1.5794E+03   1.5911E+03   1.5548E+03   1.6517E+03   1.7354E+03   1.8211E+03   1.8923E+03	1487.67
   5.8094E-02   7.3109E+02   8.0639E+02   9.1923E+02   1396   1.3977E+03   1.5348E+03   1.5891E+03   1.6031E+03   1.5682E+03   1.6674E+03   1.7469E+03   1.8330E+03   1.9019E+03	1497.14
   7.6583E-02   7.3670E+02   8.1200E+02   9.2769E+02   1406   1.4079E+03   1.5463E+03   1.5997E+03   1.6160E+03   1.5810E+03   1.6837E+03   1.7585E+03   1.8453E+03   1.9133E+03	1507.25
   1.0096E-01   7.4231E+02   8.1518E+02   9.3334E+02   1417   1.4222E+03   1.5552E+03   1.6113E+03   1.6276E+03   1.5938E+03   1.7006E+03   1.7727E+03   1.8554E+03   1.9247E+03	1517.04
   1.3309E-01   7.4792E+02   8.2321E+02   9.4180E+02   1428   1.4336E+03   1.5646E+03   1.6228E+03   1.6391E+03   1.6077E+03   1.7175E+03   1.7845E+03   1.8674E+03   1.9361E+03	1527.28
   1.7544E-01   7.5354E+02   8.2881E+02   9.4745E+02   1439   1.4450E+03   1.5757E+03   1.6343E+03   1.6529E+03   1.6221E+03   1.7361E+03   1.7960E+03   1.8799E+03   1.9460E+03	1537.29
   2.3128E-01   7.5915E+02   8.3436E+02   9.5591E+02   1453   1.4593E+03   1.5857E+03   1.6459E+03   1.6649E+03   1.6356E+03   1.7546E+03   1.8102E+03   1.8924E+03   1.9560E+03	1546.58
   3.0488E-01   7.6476E+02   8.4002E+02   9.6436E+02   1466   1.4707E+03   1.5962E+03   1.6584E+03   1.6778E+03   1.6505E+03   1.7736E+03   1.8220E+03   1.9041E+03   1.9703E+03	1556.41
   4.0191E-01   7.7073E+02   8.4563E+02   9.7282E+02   1480   1.4848E+03   1.6049E+03   1.6710E+03   1.6907E+03   1.6662E+03   1.7917E+03   1.8353E+03   1.9173E+03   1.9816E+03	1567.50
   5.2982E-01   7.7598E+02   8.5123E+02   9.8127E+02   1493   1.4964E+03   1.6166E+03   1.6834E+03   1.7036E+03   1.6817E+03   1.8129E+03   1.8480E+03   1.9298E+03   1.9930E+03	1578.63
   6.9844E-01   7.8257E+02   8.5684E+02   9.8973E+02   1507   1.5096E+03   1.6283E+03   1.6949E+03   1.7166E+03   1.6973E+03   1.8316E+03   1.8624E+03   1.9412E+03   1.9958E+03	1588.50
   9.2073E-01   7.9001E+02   8.6244E+02   9.9818E+02   1520   1.5221E+03   1.6400E+03   1.7085E+03   1.7295E+03   1.7136E+03   1.8522E+03   1.8768E+03   1.9527E+03   1.9986E+03	1598.45
   1.2138E+00   7.9562E+02   8.6805E+02   1.0066E+03   1534   1.5345E+03   1.6517E+03   1.7211E+03   1.7429E+03   1.7284E+03   1.8719E+03   1.8911E+03   1.9670E+03   2.0103E+03	1609.41
   1.6000E+00   8.0404E+02   8.7365E+02   1.0171E+03   1548   1.5527E+03   1.6634E+03   1.7336E+03   1.7570E+03   1.7468E+03   1.8929E+03   1.9037E+03   1.9797E+03   2.0213E+03	1620.62
   2.1093E+00   8.0965E+02   8.7926E+02   1.0263E+03   1561   1.5680E+03   1.6760E+03   1.7469E+03   1.7710E+03   1.7667E+03   1.9140E+03   1.9191E+03   1.9927E+03   2.0327E+03	1631.41
   2.7806E+00   8.1641E+02   8.8487E+02   1.0348E+03   1575   1.5850E+03   1.6898E+03   1.7615E+03   1.7840E+03   1.7862E+03   1.9328E+03   1.9345E+03   2.0070E+03   2.0441E+03	1642.37
   3.6655E+00   8.2368E+02   8.9047E+02   1.0447E+03   1588   1.6015E+03   1.7030E+03   1.7758E+03   1.7969E+03   1.8002E+03   1.9562E+03   1.9490E+03   2.0213E+03   2.0555E+03	1654.32
   4.8321E+00   8.3107E+02   8.9608E+02   1.0545E+03   1602   1.6193E+03   1.7165E+03   1.7895E+03   1.8104E+03   1.8175E+03   1.9811E+03   1.9635E+03   2.0353E+03   2.0669E+03	1666.68
   6.3699E+00   8.3771E+02   9.0168E+02   1.0630E+03   1617   1.6350E+03   1.7307E+03   1.8047E+03   1.8244E+03   1.8387E+03   2.0067E+03   1.9807E+03   2.0478E+03   2.0783E+03	1678.34
   8.3971E+00   8.4613E+02   9.0729E+02   1.0742E+03   1633   1.6507E+03   1.7464E+03   1.8191E+03   1.8385E+03   1.8571E+03   2.0295E+03   1.9952E+03   2.0631E+03   2.0897E+03	1689.61
   1.1070E+01   8.5455E+02   9.1570E+02   1.0852E+03   1649   1.6679E+03   1.7600E+03   1.8335E+03   1.8525E+03   1.8783E+03   2.0536E+03   2.0115E+03   2.0786E+03   2.1011E+03	1702.01
   1.4593E+01   8.6296E+02   9.2190E+02   1.0925E+03   1665   1.6838E+03   1.7762E+03   1.8509E+03   1.8671E+03   1.8967E+03   2.0778E+03   2.0270E+03   2.0967E+03   2.1125E+03	1715.51
   1.9237E+01   8.7050E+02   9.2971E+02   1.1024E+03   1681   1.6993E+03   1.7927E+03   1.8665E+03   1.8807E+03   1.9175E+03   2.1022E+03   2.0443E+03   2.1120E+03   2.1239E+03	1727.89
   2.5359E+01   8.7980E+02   9.3655E+02   1.1127E+03   1697   1.7165E+03   1.8120E+03   1.8848E+03   1.8975E+03   1.9363E+03   2.1289E+03   2.0606E+03   2.1301E+03   2.1381E+03	1739.21
   3.3430E+01   8.8795E+02   9.4372E+02   1.1228E+03   1713   1.7326E+03   1.8301E+03   1.9031E+03   1.9142E+03   1.9575E+03   2.1612E+03   2.0789E+03   2.1445E+03   2.1495E+03	1751.75
   4.4069E+01   8.9663E+02   9.4933E+02   1.1358E+03   1729   1.7479E+03   1.8477E+03   1.9230E+03   1.9299E+03   1.9730E+03   2.1912E+03   2.0972E+03   2.1616E+03   2.1638E+03	1765.34
   5.8094E+01   9.0505E+02   9.5573E+02   1.1459E+03   1745   1.7661E+03   1.8670E+03   1.9425E+03   1.9457E+03   1.9942E+03   2.2210E+03   2.1184E+03   2.1820E+03   2.1763E+03	1778.58
   7.6583E+01   9.1272E+02   9.6306E+02   1.1587E+03   1761   1.7814E+03   1.8863E+03   1.9637E+03   1.9642E+03   2.0182E+03   2.2508E+03   2.1395E+03   2.2046E+03   2.1916E+03	1790.56
   1.0000E+02   9.1627E+02   9.6614E+02   1.1643E+03   1791   1.7919E+03   1.8974E+03   1.9743E+03   1.9720E+03   2.0288E+03   2.2624E+03   2.1501E+03   2.2137E+03   2.1993E+03	1796.07
