0.000000000000000000e+00
0.000000000000000000e+00
0.000000000000000000e+00
0.000000000000000000e+00
0.000000000000000000e+00
0.000000000000000000e+00
0.000000000000000000e+00
0.000000000000000000e+00
0.000000000000000000e+00
2.446707399864223589e+03
2.446753566158386093e+03
2.446730803491894221e+03
2.446695921528135386e+03
2.446729933149455064e+03
2.446706181202371226e+03
2.446712463199215563e+03
2.446676146462850738e+03
2.446761941547573315e+03
2.446693405465908199e+03
2.446749560751452918e+03
2.446739768944585649e+03
2.429696088513775976e+03
2.635149023638232393e+03
2.749488181648985119e+03
3.064176890926250508e+03
3.492919230393594262e+03
4.024554203226719892e+03
4.804397970167615313e+03
6.848379070890116054e+03
9.938401119001509869e+03
1.024186318456441404e+04
8.830721445715093068e+03
5.701135317582078642e+03
2.601689264280951647e+03
1.887815351583467191e+03
1.514484582182991744e+03
1.395126074094943078e+03
9.518261579269537833e+02
6.437167356593732848e+02
4.452286601692192107e+02
2.991466252909232821e+02
2.045753470856050171e+02
1.415390879478827628e+02
1.413360861229906504e+02
9.611241718315882565e+01
6.574458204334364098e+01
4.494000224290680023e+01
3.073442196766594137e+01
2.107168079096045687e+01
1.443463801483754949e+01
