9.773368223581046550e+03
1.243007384202282628e+04
1.098006159831414880e+04
1.024001878816346107e+04
8.535091450446620001e+03
6.956119807716009745e+03
5.518103486762802277e+03
4.800918588478830316e+03
3.589034676663542541e+03
2.640020366598778764e+03
1.856000983767830576e+03
1.558970247639408626e+03
1.084989674754775024e+03
7.426020288906549922e+02
6.143945808636749462e+02
4.188910696761531653e+02
2.843050124422324529e+02
1.937041328698339271e+02
1.601996082454995189e+02
1.106973915393972305e+02
7.805952614059134476e+01
5.647008759175854919e+01
4.848920863309353280e+01
3.618090452261305501e+01
2.690980180666037214e+01
1.962008008594589725e+01
1.663034248514010827e+01
1.184991542365062323e+01
8.344906977607781329e+00
6.976006025392729626e+00
4.840966673163126899e+00
3.332062685302837668e+00
2.279022194947324831e+00
1.881973771949322360e+00
1.282984433709071226e+00
8.740910681650269076e-01
5.930976193830117538e-01
4.885941644562334374e-01
3.318007096392667221e-01
2.263039520188497300e-01
1.525989138867339390e-01
1.225001405204878407e-01
1.328990228013029740e-01
4.673057071228430698e-02
4.228895063047660718e-02
3.856965944272445351e-02
2.707973533699674015e-02
1.974002762206516007e-02
1.684027777777778040e-02
1.226997527074272579e-02
