3.164100000000000246e-02
8.719100000000000461e-02
1.549270000000000092e-01
2.421310000000000129e-01
3.424610000000000154e-01
4.553310000000000413e-01
5.789310000000000844e-01
7.273610000000001463e-01
8.805410000000001292e-01
1.036091000000000095e+00
1.187021000000000104e+00
1.362030999999999992e+00
1.530161000000000104e+00
1.689011000000000040e+00
1.870411000000000046e+00
2.041151000000000160e+00
2.201100999999999974e+00
2.351551000000000169e+00
2.523301000000000016e+00
2.687110999999999805e+00
2.846570999999999962e+00
3.005811000000000011e+00
3.194531000000000009e+00
3.388930999999999916e+00
3.588521000000000072e+00
3.789411000000000307e+00
4.024430999999999869e+00
4.255611000000000033e+00
4.480330999999999619e+00
4.739670999999999523e+00
4.988060999999999190e+00
5.224070999999999465e+00
5.446890999999999039e+00
5.700900999999999108e+00
5.939920999999999118e+00
6.164710999999998720e+00
6.375230999999998538e+00
6.614690999999998766e+00
6.839120999999998674e+00
7.050420999999998273e+00
7.247120999999998148e+00
7.465060999999997726e+00
7.791460999999998194e+00
7.949900999999997886e+00
8.147770999999998764e+00
8.396930999999998591e+00
8.638400999999998220e+00
8.881380999999997528e+00
9.167530999999996766e+00
9.455310999999996469e+00
