0.000000000000000000e+00
0.000000000000000000e+00
0.000000000000000000e+00
0.000000000000000000e+00
0.000000000000000000e+00
0.000000000000000000e+00
0.000000000000000000e+00
0.000000000000000000e+00
0.000000000000000000e+00
1.441600000000000104e-01
3.431300000000000461e-01
6.178000000000001268e-01
9.969400000000001594e-01
1.520320000000000116e+00
2.242710000000000203e+00
3.239990000000000148e+00
4.616490000000000649e+00
6.516890000000000960e+00
9.139990000000000947e+00
1.276069000000000031e+01
1.775889000000000095e+01
2.461039000000000243e+01
3.486639000000000266e+01
4.963939000000000590e+01
7.236639000000000976e+01
1.081303900000000056e+02
1.650053900000000056e+02
2.587343900000000190e+02
4.431543900000000349e+02
8.126243900000000622e+02
1.338134390000000167e+03
1.963614390000000185e+03
2.521014390000000276e+03
2.872164390000000367e+03
3.223864390000000185e+03
3.613344390000000203e+03
4.108544390000000021e+03
4.575034389999999803e+03
5.010444389999999657e+03
5.426154389999999694e+03
5.811754390000000058e+03
6.175714390000000094e+03
6.523334389999999985e+03
7.002534389999999803e+03
7.452244389999999839e+03
7.876954389999999876e+03
8.277684390000000349e+03
8.655994389999999839e+03
9.014044389999999112e+03
9.352594389999998384e+03
