5.467200000000000185e-03
1.640119999999999773e-02
3.149520000000000097e-02
5.233120000000000133e-02
8.109220000000000317e-02
1.207922000000000023e-01
1.755962000000000078e-01
2.512411999999999979e-01
3.556711999999999652e-01
4.998311999999999755e-01
6.988012000000000112e-01
9.734712000000000920e-01
1.352611200000000125e+00
1.875991200000000081e+00
2.598381199999999946e+00
3.595661199999999891e+00
4.972161200000000392e+00
6.872561200000000703e+00
9.495661200000000690e+00
1.311636120000000005e+01
1.811456120000000070e+01
2.496606119999999862e+01
3.522206119999999885e+01
4.999506119999999498e+01
7.272206119999999885e+01
1.084860611999999946e+02
1.653610611999999946e+02
2.590900611999999796e+02
4.435100611999999956e+02
8.129800612000000228e+02
1.338490061200000127e+03
1.963970061200000146e+03
2.521370061200000237e+03
2.872520061200000328e+03
3.224220061200000146e+03
3.613700061200000164e+03
4.108900061199999982e+03
4.575390061199999764e+03
5.010800061199999618e+03
5.426510061199999654e+03
5.812110061200000018e+03
6.176070061200000055e+03
6.523690061199999946e+03
7.002890061199999764e+03
7.452600061199999800e+03
7.877310061199999836e+03
8.278040061199999400e+03
8.656350061199998891e+03
9.014400061199998163e+03
9.352950061199997435e+03
